              precision    recall  f1-score   support

     Class_1      1.000     0.833     0.909         6
     Class_2      1.000     0.833     0.909         6
     Class_3      1.000     0.833     0.909         6
     Class_4      0.889     1.000     0.941         8
     Class_5      1.000     1.000     1.000         7
     Class_6      1.000     1.000     1.000         6
     Class_7      0.833     0.833     0.833         6
     Class_8      1.000     1.000     1.000         5
     Class_9      0.667     0.800     0.727         5
    Class_10      1.000     1.000     1.000         6
    Class_11      0.833     1.000     0.909         5
    Class_12      0.875     1.000     0.933         7
    Class_13      1.000     0.800     0.889         5
    Class_14      0.833     0.714     0.769         7
    Class_15      1.000     0.667     0.800         6
    Class_16      0.714     1.000     0.833         5
    Class_17      1.000     1.000     1.000         8
    Class_18      0.857     1.000     0.923         6
    Class_19      1.000     1.000     1.000         6
    Class_20      1.000     0.857     0.923         7
    Class_21      0.857     1.000     0.923         6
    Class_22      1.000     0.667     0.800         6
    Class_23      1.000     1.000     1.000         5
    Class_24      1.000     1.000     1.000         7
    Class_25      0.833     0.833     0.833         6
    Class_26      0.833     1.000     0.909         5
    Class_27      1.000     1.000     1.000         6
    Class_28      1.000     0.800     0.889         5
    Class_29      0.833     1.000     0.909         5
    Class_30      1.000     1.000     1.000         6
    Class_31      1.000     1.000     1.000         5
    Class_32      0.857     1.000     0.923         6

    accuracy                          0.921       191
   macro avg      0.929     0.921     0.919       191
weighted avg      0.931     0.921     0.921       191
